169 165 124 127 26 23 174 175 
157 163 90 89 49 56 179 178 
166 166 101 105 52 49 175 176 
150 167 131 135 23 30 179 180 
154 156 113 114 28 27 173 174 
165 168 111 109 30 30 172 172 
149 155 93 94 40 39 177 176 
156 165 117 122 24 23 178 179 
149 140 129 121 16 18 178 180 
113 120 78 79 33 35 173 172 
179 175 113 109 48 46 179 179 
178 177 115 121 40 38 177 178 
154 153 139 140 13 12 180 180 
177 172 81 78 55 55 171 172 
180 179 120 119 33 36 176 176 
180 135 87 110 34 37 169 175 
179 179 120 120 43 45 174 174 
150 138 123 125 59 26 177 176 
166 152 85 77 36 37 164 160 
164 159 94 89 38 40 169 172 
160 167 121 117 23 30 177 171 
171 153 124 121 28 28 180 180 
168 154 122 124 28 19 175 178 
171 169 126 131 29 16 179 173 
178 159 158 155 19 24 178 178 
141 135 127 107 15 22 161 177 
163 167 141 151 16 11 180 179 
156 153 122 120 26 26 174 176 
168 180 123 129 29 22 169 179 
172 169 115 112 37 37 174 176 
174 173 157 154 18 20 180 179 
170 162 126 123 37 35 173 172 
176 168 146 138 26 29 168 168 
148 153 130 134 32 27 175 176 
175 157 152 149 30 22 170 175 
176 158 145 142 27 20 179 176 
173 174 156 162 33 33 175 172 
162 163 133 135 26 26 178 179 
176 174 115 116 54 54 177 178 
166 162 104 108 54 46 172 168 
168 169 108 113 53 48 175 177 
133 136 112 114 31 31 169 171 
170 169 135 140 34 31 179 178 
165 162 104 106 49 50 175 175 
158 154 117 111 36 44 176 177 
168 155 113 110 56 59 178 176 
134 140 103 96 50 48 178 175 
165 160 121 113 47 53 178 176 
171 175 107 107 54 63 173 178 
171 169 113 104 57 66 180 179 
168 176 105 106 57 63 170 165 
171 168 100 91 62 64 178 180 
163 159 100 95 42 43 157 159 
178 180 132 128 60 61 164 166 
166 171 135 139 36 35 179 179 
159 150 121 128 32 31 154 155 
161 172 86 92 55 57 170 169 
164 163 134 132 33 34 173 171 
164 169 90 90 67 65 177 179 
176 166 118 112 46 45 170 173 
180 177 117 117 60 56 175 177 
173 174 116 119 59 56 174 175 
173 174 102 101 74 72 170 169 
170 174 119 124 44 41 176 176 
173 171 142 136 38 41 179 179 
174 177 126 121 45 53 178 179 
163 167 106 110 59 54 179 175 
178 172 131 133 46 44 178 176 
175 170 91 93 77 73 179 179 
171 168 120 116 72 66 179 175 
171 170 103 106 62 58 174 178 
170 168 117 124 55 47 180 180 
171 170 123 126 52 49 179 178 
175 180 75 76 81 83 169 171 
176 180 114 119 57 55 178 178 
177 173 116 109 57 61 180 180 
175 176 89 89 83 85 178 179 
179 177 112 108 65 70 177 175 
164 164 105 97 55 62 158 162 
166 165 102 106 62 57 171 164 
176 171 98 95 67 71 167 169 
170 168 132 129 43 46 179 176 
175 176 109 111 54 51 164 160 
178 179 127 126 55 55 174 176 
173 171 142 136 38 41 179 179 
166 168 90 84 85 87 179 179 
164 163 87 89 88 84 170 172 
173 172 101 102 69 70 174 175 
168 170 124 122 51 54 179 177 
168 173 123 117 48 54 180 176 
171 167 58 52 88 94 173 176 
173 176 74 76 74 71 177 176 
162 164 59 63 86 81 179 178 
164 164 41 41 73 75 163 165 
177 179 69 64 64 70 179 175 
175 177 67 68 74 77 176 176 
163 164 58 61 87 82 178 177 
154 151 20 15 102 107 176 176 
169 174 69 80 66 58 180 178 
175 173 40 40 83 79 180 179 
175 159 49 35 83 89 175 175 
176 174 52 51 79 83 172 172 
170 175 72 78 80 74 178 179 
173 178 70 73 65 66 172 172 
169 172 56 55 79 84 170 173 
159 164 43 40 75 74 173 175 
129 116 5 3 92 90 158 157 
176 178 53 49 73 80 180 178 
168 167 77 72 65 70 179 178 
167 167 73 72 66 66 174 175 
176 176 76 76 73 69 175 175 
125 129 9 11 97 97 178 177 
179 171 56 70 91 81 171 175 
159 158 82 83 54 56 173 177 
169 170 44 46 80 78 175 173 
171 167 44 38 110 115 177 180 
167 170 23 26 100 97 162 167 
166 173 39 46 89 84 176 176 
165 168 72 78 67 63 179 179 
174 176 70 68 73 78 176 178 
